# condition crowd(0) queue(1)
# motivation h0(0) h-(1)
#[0]index	[1]condition	[2]width[m]	[3]motivation	[4]numPed	[5]evacTime[s]	[6]pushProp	[7]meanTimeGap[s]	[8]stdTimeGap[s]
110.0	0.0	1.2	0.0	63.00	51.44	0.453	0.830	0.324
120.0	0.0	1.2	1.0	63.00	63.16	0.101	1.019	0.240
270.0	0.0	3.4	0.0	67.00	55.92	0.338	0.847	0.452
280.0	0.0	3.4	1.0	67.00	62.24	0.148	0.943	0.316
50.0	0.0	4.5	0.0	42.00	35.16	0.439	0.858	0.531
60.0	0.0	4.5	1.0	42.00	38.08	0.067	0.929	0.306
30.0	0.0	5.6	0.0	75.00	62.32	0.498	0.842	0.534
40.0	0.0	5.6	1.0	75.00	64.48	0.277	0.871	0.439
